1 2 12
2 6 19
3 11 19
4 12 14
5 17 7
6 18 1
7 22 9
8 25 4
9 26 3
10 31 5
11 34 19
12 35 15
13 40 14
14 43 2
15 47 17
16 48 7
17 51 14
18 55 2
19 58 19
20 59 7
21 64 18
22 65 18
23 70 20
24 72 3
25 73 8
26 76 4
27 79 2
28 84 8
29 89 5
30 94 12
31 97 4
32 98 11
33 101 16
34 105 20
35 107 6
36 111 3
37 114 19
38 119 15
39 123 9
40 126 18
41 129 16
42 133 17
43 135 13
44 138 20
45 143 5
46 145 14
47 146 17
48 149 16
49 152 16
50 154 11
51 155 7
52 158 17
53 160 12
54 165 12
55 167 9
56 170 11
57 175 3
58 176 20
59 180 16
60 184 11
61 185 10
62 190 15
63 195 9
64 199 2
65 201 4
66 205 12
67 207 19
68 212 6
69 216 3
70 217 4
71 222 15
72 227 12
73 231 10
74 236 5
75 239 8
76 241 8
77 244 13
78 248 5
79 253 19
80 258 20
81 260 16
82 265 10
83 268 12
84 271 10
85 275 16
86 277 17
87 280 7
88 283 5
89 287 7
90 288 4
91 289 4
92 290 20
93 291 5
94 295 14
95 298 15
96 301 4
97 306 14
98 308 15
99 311 17
100 313 1
101 317 5
102 319 5
103 323 17
104 327 8
105 331 13
106 335 12
107 337 8
108 338 4
109 340 2
110 342 11
111 347 14
112 352 8
113 356 20
114 359 5
115 364 18
116 366 2
117 371 12
118 372 9
119 376 10
120 379 16
121 383 1
122 384 10
123 388 13
124 392 2
125 395 13
126 399 16
127 400 19
128 401 9
129 403 5
130 406 9
131 411 8
132 415 7
133 419 1
134 421 1
135 423 13
136 427 12
137 430 17
138 431 6
139 433 9
140 434 18
141 439 1
142 442 1
143 445 2
144 447 18
145 451 14
146 455 7
147 457 6
148 458 18
149 460 2
150 464 20
151 466 6
152 468 5
153 473 20
154 477 12
155 482 3
156 483 14
157 487 6
158 489 13
159 494 11
160 496 13
161 497 2
162 502 7
163 505 12
164 508 20
165 509 9
166 512 20
167 513 14
168 516 19
169 517 19
170 520 4
171 522 8
172 523 20
173 527 1
174 528 17
175 532 3
176 537 12
177 539 13
178 540 20
179 541 15
180 543 17
181 548 10
182 552 19
183 555 20
184 557 2
185 559 13
186 562 5
187 565 18
188 566 17
189 568 1
